2019  1           28855.9897           28855.9897
2020  1           28189.1984           28189.1984
2021  1           26459.5367           26459.5367
2022  1           23060.5193           23060.5193
2023  1           16468.3471           16468.3471
2024  1           11057.4207           11057.4207
2025  1           10344.0978           10344.0978
2026  1           12141.1254           12141.1254
2027  1           15706.1944           15706.1944
2028  1           18883.4661           18883.4661
2029  1           18087.7085           18087.7085
2030  1           16061.7451           16061.7451
2031  1           16486.1753           16486.1753
2032  1           17118.9426           17118.9426
2033  1           16353.7663           16353.7663
2034  1           16049.4120           16049.4120
2035  1           15769.2842           15769.2842
2036  1           16008.1012           16008.1012
2037  1           17290.1815           17290.1815
2038  1           18739.5559           18739.5559
2039  1           19574.6679           19574.6679
2040  1           20478.4659           20478.4659
2041  1           20702.9818           20702.9818
2042  1           20425.3093           20425.3093
2043  1           18849.7460           18849.7460
2044  1           16758.3289           16758.3289
2045  1           12926.6510           12926.6510
