2019  1           28855.9897           28855.9897
2020  1           32900.5170           32900.5170
2021  1           44123.3345           44123.3345
2022  1           52325.7116           52325.7116
2023  1           53142.8944           53142.8944
2024  1           59566.9437           59566.9437
2025  1           76346.0664           76346.0664
2026  1           97167.1968           97167.1968
2027  1          111190.7210          111190.7210
2028  1          121053.9848          121053.9848
2029  1          109440.0305          109440.0305
2030  1           92974.6120           92974.6120
2031  1           95187.9592           95187.9592
2032  1           99755.2714           99755.2714
2033  1           94369.3197           94369.3197
2034  1           91465.6174           91465.6174
2035  1           90016.3226           90016.3226
2036  1           91612.6044           91612.6044
2037  1           97641.0958           97641.0958
2038  1          103520.5566          103520.5566
2039  1          106813.6193          106813.6193
2040  1          110845.9403          110845.9403
2041  1          110857.9007          110857.9007
2042  1          109899.8765          109899.8765
2043  1          101253.1861          101253.1861
2044  1           89414.6551           89414.6551
2045  1           68453.6773           68453.6773
