2019  1           28855.9897           28855.9897
2020  1           29131.4828           29131.4828
2021  1           29317.6009           29317.6009
2022  1           27592.0881           27592.0881
2023  1           21059.7052           21059.7052
2024  1           17942.2823           17942.2823
2025  1           21987.3619           21987.3619
2026  1           27512.7101           27512.7101
2027  1           31956.6992           31956.6992
2028  1           35138.2298           35138.2298
2029  1           31164.5728           31164.5728
2030  1           26105.3549           26105.3549
2031  1           27572.8230           27572.8230
2032  1           29852.2414           29852.2414
2033  1           28384.6287           28384.6287
2034  1           28050.4248           28050.4248
2035  1           27770.6831           27770.6831
2036  1           28785.9685           28785.9685
2037  1           30118.9136           30118.9136
2038  1           31382.4198           31382.4198
2039  1           32445.5970           32445.5970
2040  1           33325.4052           33325.4052
2041  1           33519.8617           33519.8617
2042  1           33004.3540           33004.3540
2043  1           30049.7086           30049.7086
2044  1           25980.3001           25980.3001
2045  1           20101.1256           20101.1256
