2019  1           28855.9897           28855.9897
2020  1           28189.1984           28189.1984
2021  1           26604.7202           26604.7202
2022  1           23485.7786           23485.7786
2023  1           17132.1482           17132.1482
2024  1           11903.4283           11903.4283
2025  1           11173.4326           11173.4326
2026  1           12708.7019           12708.7019
2027  1           15991.6551           15991.6551
2028  1           18896.0220           18896.0220
2029  1           18099.2969           18099.2969
2030  1           15970.2026           15970.2026
2031  1           16335.1659           16335.1659
2032  1           16926.3635           16926.3635
2033  1           16596.7265           16596.7265
2034  1           16609.8814           16609.8814
2035  1           16390.5025           16390.5025
2036  1           16534.6202           16534.6202
2037  1           17688.1188           17688.1188
2038  1           18762.2483           18762.2483
2039  1           19524.6080           19524.6080
2040  1           20261.7398           20261.7398
2041  1           20338.4532           20338.4532
2042  1           20146.0928           20146.0928
2043  1           18337.4852           18337.4852
2044  1           16136.1868           16136.1868
2045  1           12249.2993           12249.2993
