2019  1           28855.9897           28855.9897
2020  1           29131.4828           29131.4828
2021  1           29317.6009           29317.6009
2022  1           27592.0881           27592.0881
2023  1           21111.2312           21111.2312
2024  1           18015.1069           18015.1069
2025  1           21906.6368           21906.6368
2026  1           27598.8782           27598.8782
2027  1           32339.8724           32339.8724
2028  1           35942.6230           35942.6230
2029  1           32208.9893           32208.9893
2030  1           26796.0541           26796.0541
2031  1           28252.4370           28252.4370
2032  1           30383.9192           30383.9192
2033  1           28496.2267           28496.2267
2034  1           28093.8557           28093.8557
2035  1           28181.4131           28181.4131
2036  1           29221.4885           29221.4885
2037  1           30855.5294           30855.5294
2038  1           32093.8520           32093.8520
2039  1           32874.1765           32874.1765
2040  1           33670.9957           33670.9957
2041  1           33757.3323           33757.3323
2042  1           33410.8812           33410.8812
2043  1           30464.0153           30464.0153
2044  1           26619.1822           26619.1822
2045  1           20436.3575           20436.3575
