2019  1           28855.9897           28855.9897
2020  1           28189.1984           28189.1984
2021  1           25208.8046           25208.8046
2022  1           20994.0079           20994.0079
2023  1           13905.8832           13905.8832
2024  1            8205.7713            8205.7713
2025  1            7769.4749            7769.4749
2026  1            8793.8106            8793.8106
2027  1           13143.0909           13143.0909
2028  1           17157.4203           17157.4203
2029  1           17178.8005           17178.8005
2030  1           16093.0955           16093.0955
2031  1           16985.0362           16985.0362
2032  1           18190.0607           18190.0607
2033  1           17528.0514           17528.0514
2034  1           16979.1564           16979.1564
2035  1           16520.5695           16520.5695
2036  1           16575.1175           16575.1175
2037  1           17570.0751           17570.0751
2038  1           18790.3195           18790.3195
2039  1           19538.9721           19538.9721
2040  1           20364.8736           20364.8736
2041  1           20678.5594           20678.5594
2042  1           20418.1192           20418.1192
2043  1           18999.0502           18999.0502
2044  1           16879.4755           16879.4755
2045  1           12974.1743           12974.1743
