2019  1           28855.9897           28855.9897
2020  1           29131.4828           29131.4828
2021  1           30583.8292           30583.8292
2022  1           29766.5705           29766.5705
2023  1           24205.0115           24205.0115
2024  1           20974.9782           20974.9782
2025  1           24329.8622           24329.8622
2026  1           29630.0447           29630.0447
2027  1           35732.7942           35732.7942
2028  1           40334.0839           40334.0839
2029  1           37077.3975           37077.3975
2030  1           31949.5374           31949.5374
2031  1           33269.8263           33269.8263
2032  1           34732.8693           34732.8693
2033  1           32578.9572           32578.9572
2034  1           31420.8582           31420.8582
2035  1           31004.4796           31004.4796
2036  1           31941.1480           31941.1480
2037  1           34497.8251           34497.8251
2038  1           36977.6925           36977.6925
2039  1           38819.9273           38819.9273
2040  1           40378.7064           40378.7064
2041  1           40466.4268           40466.4268
2042  1           40047.9057           40047.9057
2043  1           37210.4347           37210.4347
2044  1           33060.0992           33060.0992
2045  1           25736.0213           25736.0213
