2019  1           28855.9897           28855.9897
2020  1           29131.4828           29131.4828
2021  1           30279.8179           30279.8179
2022  1           29674.6586           29674.6586
2023  1           23554.3774           23554.3774
2024  1           20099.0700           20099.0700
2025  1           23994.9805           23994.9805
2026  1           29433.3828           29433.3828
2027  1           34972.8185           34972.8185
2028  1           39492.1296           39492.1296
2029  1           35592.1568           35592.1568
2030  1           30038.2326           30038.2326
2031  1           32129.6557           32129.6557
2032  1           34582.7306           34582.7306
2033  1           32377.9468           32377.9468
2034  1           30963.1270           30963.1270
2035  1           29970.1369           29970.1369
2036  1           30254.5537           30254.5537
2037  1           33095.9095           33095.9095
2038  1           35726.2617           35726.2617
2039  1           36859.9862           36859.9862
2040  1           37699.5365           37699.5365
2041  1           37205.9056           37205.9056
2042  1           36080.1030           36080.1030
2043  1           33294.7562           33294.7562
2044  1           29064.7422           29064.7422
2045  1           22184.4397           22184.4397
