2019  1           28855.9897           28855.9897
2020  1           32900.5170           32900.5170
2021  1           44150.4210           44150.4210
2022  1           52240.0662           52240.0662
2023  1           51758.0016           51758.0016
2024  1           57000.2930           57000.2930
2025  1           74689.2792           74689.2792
2026  1           96245.2578           96245.2578
2027  1          110393.0198          110393.0198
2028  1          120344.7138          120344.7138
2029  1          109560.6651          109560.6651
2030  1           93488.4914           93488.4914
2031  1           96529.7751           96529.7751
2032  1          101256.5944          101256.5944
2033  1           95782.3875           95782.3875
2034  1           93822.8095           93822.8095
2035  1           92617.2764           92617.2764
2036  1           94325.3638           94325.3638
2037  1           99598.1913           99598.1913
2038  1          105043.4740          105043.4740
2039  1          108464.4622          108464.4622
2040  1          112725.4847          112725.4847
2041  1          112812.8124          112812.8124
2042  1          112227.9949          112227.9949
2043  1          103919.0200          103919.0200
2044  1           91459.9879           91459.9879
2045  1           70328.1621           70328.1621
