2019  1           28855.9897           28855.9897
2020  1           32900.5170           32900.5170
2021  1           42641.4209           42641.4209
2022  1           49165.0669           49165.0669
2023  1           47410.2233           47410.2233
2024  1           51509.3475           51509.3475
2025  1           68975.0093           68975.0093
2026  1           88651.5804           88651.5804
2027  1          101539.3372          101539.3372
2028  1          110189.6121          110189.6121
2029  1           94914.8365           94914.8365
2030  1           75660.0190           75660.0190
2031  1           80132.3153           80132.3153
2032  1           86887.8633           86887.8633
2033  1           81391.8656           81391.8656
2034  1           80095.0302           80095.0302
2035  1           80688.1415           80688.1415
2036  1           84080.5448           84080.5448
2037  1           89397.7441           89397.7441
2038  1           94843.7203           94843.7203
2039  1           95974.1429           95974.1429
2040  1           97839.4151           97839.4151
2041  1           97811.6402           97811.6402
2042  1           96340.9230           96340.9230
2043  1           87768.0445           87768.0445
2044  1           75058.0278           75058.0278
2045  1           57244.9265           57244.9265
