2019  1           28855.9897           28855.9897
2020  1           32900.5170           32900.5170
2021  1           42641.4209           42641.4209
2022  1           49165.0669           49165.0669
2023  1           49875.0644           49875.0644
2024  1           55778.4598           55778.4598
2025  1           71897.2224           71897.2224
2026  1           91610.3546           91610.3546
2027  1          107729.3450          107729.3450
2028  1          119016.2758          119016.2758
2029  1          108579.3470          108579.3470
2030  1           93330.2550           93330.2550
2031  1           96516.3000           96516.3000
2032  1          101386.8617          101386.8617
2033  1           95733.1804           95733.1804
2034  1           93020.2650           93020.2650
2035  1           92064.7284           92064.7284
2036  1           94073.9842           94073.9842
2037  1          101579.8491          101579.8491
2038  1          108981.1237          108981.1237
2039  1          113643.5618          113643.5618
2040  1          118511.7712          118511.7712
2041  1          118900.0140          118900.0140
2042  1          118565.7316          118565.7316
2043  1          110572.4758          110572.4758
2044  1           98947.6558           98947.6558
2045  1           76532.6190           76532.6190
