2019  1           28855.9897           28855.9897
2020  1           32900.5170           32900.5170
2021  1           42641.4209           42641.4209
2022  1           49165.0669           49165.0669
2023  1           47410.2233           47410.2233
2024  1           51509.3475           51509.3475
2025  1           69387.4235           69387.4235
2026  1           90193.0246           90193.0246
2027  1          103260.1916          103260.1916
2028  1          111685.9896          111685.9896
2029  1           99026.3082           99026.3082
2030  1           82107.4212           82107.4212
2031  1           88307.1127           88307.1127
2032  1           96383.8831           96383.8831
2033  1           93382.9339           93382.9339
2034  1           93327.3277           93327.3277
2035  1           92441.2375           92441.2375
2036  1           94698.8578           94698.8578
2037  1          100483.0309          100483.0309
2038  1          106374.7433          106374.7433
2039  1          109423.4969          109423.4969
2040  1          113360.3033          113360.3033
2041  1          113415.8456          113415.8456
2042  1          112602.7423          112602.7423
2043  1          104217.7309          104217.7309
2044  1           92341.2312           92341.2312
2045  1           71029.0943           71029.0943
