2019  1           28855.9897           28855.9897
2020  1           32900.5170           32900.5170
2021  1           42399.0659           42399.0659
2022  1           48227.5327           48227.5327
2023  1           46434.9876           46434.9876
2024  1           49808.7888           49808.7888
2025  1           68281.8127           68281.8127
2026  1           89024.1207           89024.1207
2027  1          101856.6858          101856.6858
2028  1          111247.7266          111247.7266
2029  1           99017.1665           99017.1665
2030  1           80990.8271           80990.8271
2031  1           86361.0559           86361.0559
2032  1           93629.5984           93629.5984
2033  1           87668.8926           87668.8926
2034  1           85433.0368           85433.0368
2035  1           84048.9987           84048.9987
2036  1           86073.9819           86073.9819
2037  1           90649.9886           90649.9886
2038  1           94649.6376           94649.6376
2039  1           98467.5096           98467.5096
2040  1          101905.1651          101905.1651
2041  1          102363.4056          102363.4056
2042  1          101717.5889          101717.5889
2043  1           93959.4404           93959.4404
2044  1           81843.3487           81843.3487
2045  1           61411.5805           61411.5805
