2019  1           28855.9897           28855.9897
2020  1           28189.1984           28189.1984
2021  1           25065.5914           25065.5914
2022  1           20682.3195           20682.3195
2023  1           13486.4052           13486.4052
2024  1            7726.6183            7726.6183
2025  1            7365.6000            7365.6000
2026  1            8418.2891            8418.2891
2027  1           12563.1961           12563.1961
2028  1           16090.5920           16090.5920
2029  1           15378.4355           15378.4355
2030  1           13755.0962           13755.0962
2031  1           14210.2909           14210.2909
2032  1           14956.2069           14956.2069
2033  1           14521.9935           14521.9935
2034  1           14531.4070           14531.4070
2035  1           14683.9125           14683.9125
2036  1           15301.8738           15301.8738
2037  1           16294.6575           16294.6575
2038  1           17248.8406           17248.8406
2039  1           18126.4240           18126.4240
2040  1           18762.0132           18762.0132
2041  1           18860.1810           18860.1810
2042  1           18631.4890           18631.4890
2043  1           17110.4885           17110.4885
2044  1           14806.0783           14806.0783
2045  1           10894.8249           10894.8249
