2019  1           28855.9897           28855.9897
2020  1           28189.1984           28189.1984
2021  1           25208.8046           25208.8046
2022  1           20994.0079           20994.0079
2023  1           13905.8832           13905.8832
2024  1            8205.7713            8205.7713
2025  1            7769.4749            7769.4749
2026  1            8793.8106            8793.8106
2027  1           12643.9856           12643.9856
2028  1           15957.8668           15957.8668
2029  1           15121.1317           15121.1317
2030  1           13487.0838           13487.0838
2031  1           13991.4000           13991.4000
2032  1           14808.2209           14808.2209
2033  1           14354.5501           14354.5501
2034  1           14214.2505           14214.2505
2035  1           13960.3911           13960.3911
2036  1           14253.9541           14253.9541
2037  1           15040.8500           15040.8500
2038  1           15820.7207           15820.7207
2039  1           16523.3255           16523.3255
2040  1           17119.3442           17119.3442
2041  1           17438.2924           17438.2924
2042  1           17219.4567           17219.4567
2043  1           15677.4300           15677.4300
2044  1           13640.7321           13640.7321
2045  1           10069.2465           10069.2465
