2019  1           28855.9897           28855.9897
2020  1           32900.5170           32900.5170
2021  1           43146.9798           43146.9798
2022  1           50268.5721           50268.5721
2023  1           49178.4586           49178.4586
2024  1           53881.6960           53881.6960
2025  1           70334.3071           70334.3071
2026  1           89997.3776           89997.3776
2027  1          104900.2296          104900.2296
2028  1          115713.7682          115713.7682
2029  1          104717.7566          104717.7566
2030  1           88137.3764           88137.3764
2031  1           92072.3532           92072.3532
2032  1           98797.4063           98797.4063
2033  1           90727.2518           90727.2518
2034  1           86970.1930           86970.1930
2035  1           84576.1781           84576.1781
2036  1           85391.7309           85391.7309
2037  1           93819.6565           93819.6565
2038  1          101499.6245          101499.6245
2039  1          105399.3213          105399.3213
2040  1          109482.0939          109482.0939
2041  1          110192.4416          110192.4416
2042  1          109708.6128          109708.6128
2043  1          100586.5769          100586.5769
2044  1           88074.0907           88074.0907
2045  1           66643.0435           66643.0435
