2019  1           28855.9897           28855.9897
2020  1           32900.5170           32900.5170
2021  1           42545.0479           42545.0479
2022  1           48374.1799           48374.1799
2023  1           45211.5001           45211.5001
2024  1           48959.9132           48959.9132
2025  1           66191.3377           66191.3377
2026  1           85785.0417           85785.0417
2027  1           95379.0341           95379.0341
2028  1          102317.9266          102317.9266
2029  1           86920.7548           86920.7548
2030  1           69131.7633           69131.7633
2031  1           73787.2084           73787.2084
2032  1           81052.9728           81052.9728
2033  1           71651.9969           71651.9969
2034  1           67825.7154           67825.7154
2035  1           71668.4006           71668.4006
2036  1           77980.6367           77980.6367
2037  1           79413.9019           79413.9019
2038  1           80646.1108           80646.1108
2039  1           80043.5474           80043.5474
2040  1           78281.3478           78281.3478
2041  1           83099.2483           83099.2483
2042  1           85334.3730           85334.3730
2043  1           79228.4567           79228.4567
2044  1           68586.5273           68586.5273
2045  1           49250.8908           49250.8908
