2019  1           28855.9897           28855.9897
2020  1           28189.1984           28189.1984
2021  1           25208.8046           25208.8046
2022  1           20994.0079           20994.0079
2023  1           13905.8832           13905.8832
2024  1            8205.7713            8205.7713
2025  1            7769.4749            7769.4749
2026  1            8793.8106            8793.8106
2027  1           12643.9856           12643.9856
2028  1           15957.8668           15957.8668
2029  1           15121.1317           15121.1317
2030  1           13487.0838           13487.0838
2031  1           13991.4000           13991.4000
2032  1           14808.2209           14808.2209
2033  1           14965.3768           14965.3768
2034  1           15481.2478           15481.2478
2035  1           15689.2752           15689.2752
2036  1           16341.9252           16341.9252
2037  1           17376.9791           17376.9791
2038  1           18405.9365           18405.9365
2039  1           19052.3686           19052.3686
2040  1           19592.4320           19592.4320
2041  1           19697.4068           19697.4068
2042  1           19395.3380           19395.3380
2043  1           17804.8180           17804.8180
2044  1           15776.0883           15776.0883
2045  1           12112.6623           12112.6623
